Fit status: Both actual and predicted relative reductions in the sum of squares
  are at most 0.000000 1
[12348.026880029967, 1615.1956156613062, 0.00074377848095375973, -13.3941678609809, 0.0012207717268768127, 0.0058556473454061449]
[12348.0, 1610.0, 0, 1, 0.001, 0.001]
Delta chi-squared:
54.909627635
Reduced chi-squared:
0.999998485336
Parameters:
[12348.026880029967, 1615.1956156613062, 0.00074377848095375973, -13.3941678609809, 0.0012207717268768127, 0.0058556473454061449]
Errors:
[  7.80659632e-04   1.52016716e+00   3.33002713e-04   4.73011916e+00
   7.19574350e-04   2.46593449e-03]
Correlations:
[[ 1.         -0.61203691 -0.16087097 -0.03958359  0.16778911 -0.52001578]
 [-0.61203691  1.          0.00400439  0.00799113  0.07191367 -0.01358248]
 [-0.16087097  0.00400439  1.          0.91045889 -0.04864057  0.29973197]
 [-0.03958359  0.00799113  0.91045889  1.         -0.07057339  0.06554724]
 [ 0.16778911  0.07191367 -0.04864057 -0.07057339  1.         -0.47978613]
 [-0.52001578 -0.01358248  0.29973197  0.06554724 -0.47978613  1.        ]]
