 1.27005261e-07 -8.02148876e-08 8.29010772e-05 -7.93417841e-06 5.16893469e-08 2.09682190e-05
 -8.02148876e-08 1.10885676e-07 -1.24037582e-04 -6.78548165e-06 -7.85053771e-08 -1.58514628e-05
 8.29010772e-05 -1.24037582e-04 2.75428949e+00 -1.24108106e-01 8.33677519e-05 2.60922115e-02
 -7.93417841e-06 -6.78548165e-06 -1.24108106e-01 1.92576855e-02 5.60303677e-06 -1.36739770e-03
 5.16893469e-08 -7.85053771e-08 8.33677519e-05 5.60303677e-06 8.07805520e-08 -7.74106967e-06
 2.09682190e-05 -1.58514628e-05 2.60922115e-02 -1.36739770e-03 -7.74106967e-06 3.97033545e-02
