 2.57181985e-08 -1.33630166e-08 1.15592952e-05 6.74342423e-07 4.72104923e-09 -1.10180439e-06 3.71410263e-08
 -1.33630166e-08 2.56073294e-08 -1.01926009e-05 1.65332506e-05 -7.62492110e-09 -4.39386794e-07 2.31451913e-09
 1.15592952e-05 -1.01926009e-05 1.49224404e-01 1.34576281e-03 4.72423640e-06 -3.37855167e-03 1.01045101e-04
 6.74342423e-07 1.65332506e-05 1.34576281e-03 3.43956388e-02 -4.54114289e-06 -9.59991576e-04 2.17169961e-05
 4.72104923e-09 -7.62492110e-09 4.72423640e-06 -4.54114289e-06 6.83885569e-09 -5.19217241e-06 1.44765185e-07
 -1.10180439e-06 -4.39386794e-07 -3.37855167e-03 -9.59991576e-04 -5.19217241e-06 1.47080830e-02 -3.22095929e-04
 3.71410263e-08 2.31451913e-09 1.01045101e-04 2.17169961e-05 1.44765185e-07 -3.22095929e-04 8.83525951e-06
