 9.83796438e-08 -5.44501845e-08 3.81536929e-05 -5.67321531e-06 2.44072380e-08 -1.16735117e-06 3.65256999e-05 -1.28780458e-07 -4.68879566e-05
 -5.44501845e-08 7.52976657e-08 -4.48268304e-05 3.63036715e-05 -2.82242858e-08 7.58994982e-07 3.59988540e-05 2.34509990e-06 4.15072200e-05
 3.81536929e-05 -4.48268304e-05 4.82121534e-01 -2.67256364e-02 1.68050558e-05 -1.11785718e-03 -1.52170052e-01 -1.31211830e-03 -4.47901281e-02
 -5.67321531e-06 3.63036715e-05 -2.67256364e-02 4.69726325e-02 -1.13071548e-05 1.10350973e-03 5.29312120e-02 1.89682765e-03 3.17890610e-02
 2.44072380e-08 -2.82242858e-08 1.68050558e-05 -1.13071548e-05 1.59589702e-08 4.84456471e-07 8.80762753e-06 2.67205900e-07 -1.41616085e-05
 -1.16735117e-06 7.58994982e-07 -1.11785718e-03 1.10350973e-03 4.84456471e-07 6.43355256e-03 5.56649965e-02 3.73315929e-04 3.19788819e-03
 3.65256999e-05 3.59988540e-05 -1.52170052e-01 5.29312120e-02 8.80762753e-06 5.56649965e-02 7.93001996e+00 2.74098986e-03 3.57443860e-02
 -1.28780458e-07 2.34509990e-06 -1.31211830e-03 1.89682765e-03 2.67205900e-07 3.73315929e-04 2.74098986e-03 2.53293089e-03 1.35712509e-03
 -4.68879566e-05 4.15072200e-05 -4.47901281e-02 3.17890610e-02 -1.41616085e-05 3.19788819e-03 3.57443860e-02 1.35712509e-03 8.17275327e-02
