 1.13220703e-07 -6.05231061e-08 3.90437397e-05 -6.62154452e-06 1.90131791e-08 -2.09326662e-06 7.60708235e-05 4.85678260e-06 -1.15509891e-06
 -6.05231061e-08 7.94344857e-08 -3.34197407e-05 2.89711834e-05 -2.08992962e-08 -1.50886770e-07 -5.43931689e-05 -5.59393001e-06 1.46618118e-06
 3.90437397e-05 -3.34197407e-05 4.50848673e-01 -8.68456782e-03 9.29170411e-06 -1.48156261e-04 -8.49670008e-02 3.83041259e-03 -2.31895273e-03
 -6.62154452e-06 2.89711834e-05 -8.68456782e-03 3.01419907e-02 -6.98186069e-06 -6.12428800e-04 -1.42850503e-02 -1.90086092e-03 5.25875157e-04
 1.90131791e-08 -2.08992962e-08 9.29170411e-06 -6.98186069e-06 1.00698450e-08 8.75811849e-07 4.01134891e-05 2.43085969e-06 -2.71611624e-07
 -2.09326662e-06 -1.50886770e-07 -1.48156261e-04 -6.12428800e-04 8.75811849e-07 6.00138571e-03 5.11823707e-02 5.67940719e-04 -5.93812573e-05
 7.60708235e-05 -5.43931689e-05 -8.49670008e-02 -1.42850503e-02 4.01134891e-05 5.11823707e-02 7.83403107e+00 2.06477194e-02 -2.37343647e-02
 4.85678260e-06 -5.59393001e-06 3.83041259e-03 -1.90086092e-03 2.43085969e-06 5.67940719e-04 2.06477194e-02 3.56757242e-03 -1.39779736e-03
 -1.15509891e-06 1.46618118e-06 -2.31895273e-03 5.25875157e-04 -2.71611624e-07 -5.93812573e-05 -2.37343647e-02 -1.39779736e-03 2.18357498e-03
