 1.05955911e-07 -7.00109837e-08 5.37077835e-05 -7.76124078e-06 2.83924384e-08 -3.38861898e-06 -1.59204455e-04 2.22588140e-07 6.15315032e-06
 -7.00109837e-08 8.67933817e-08 -5.01443560e-05 2.70937507e-05 -3.22761644e-08 7.60329333e-07 1.45750074e-04 1.71795774e-06 -4.16084042e-06
 5.37077835e-05 -5.01443560e-05 4.88534687e-01 -1.36388090e-02 1.99986432e-05 -9.78430185e-04 -7.98362135e-02 -9.80745882e-04 2.41001356e-03
 -7.76124078e-06 2.70937507e-05 -1.36388090e-02 2.65186106e-02 -9.31744758e-06 -5.31904141e-04 3.10699005e-02 1.01328680e-03 -4.02140777e-04
 2.83924384e-08 -3.22761644e-08 1.99986432e-05 -9.31744758e-06 1.71088718e-08 6.80640405e-07 -4.04086004e-05 -5.24301978e-08 1.79583204e-06
 -3.38861898e-06 7.60329333e-07 -9.78430185e-04 -5.31904141e-04 6.80640405e-07 5.86196235e-03 5.50280047e-02 3.31057932e-05 -1.75621432e-03
 -1.59204455e-04 1.45750074e-04 -7.98362135e-02 3.10699005e-02 -4.04086004e-05 5.50280047e-02 3.19081231e+01 -2.04770726e-01 -1.09766158e+00
 2.22588140e-07 1.71795774e-06 -9.80745882e-04 1.01328680e-03 -5.24301978e-08 3.31057932e-05 -2.04770726e-01 4.20424907e-03 9.27553709e-03
 6.15315032e-06 -4.16084042e-06 2.41001356e-03 -4.02140777e-04 1.79583204e-06 -1.75621432e-03 -1.09766158e+00 9.27553709e-03 4.87677198e-02
