 2.59665480e-08 -1.42832987e-08 3.23903643e-06 2.70302047e-07 4.35399242e-09 -7.42283154e-07 -2.67630150e-05
 -1.42832987e-08 2.73307606e-08 3.80349042e-06 1.69356371e-05 -8.19010033e-09 1.82639884e-06 5.24560593e-05
 3.23903643e-06 3.80349042e-06 2.64297858e-01 4.75925183e-03 -1.65827488e-06 1.93273566e-02 4.44872816e-01
 2.70302047e-07 1.69356371e-05 4.75925183e-03 3.42797839e-02 -5.03300852e-06 4.39609383e-04 1.32879043e-02
 4.35399242e-09 -8.19010033e-09 -1.65827488e-06 -5.03300852e-06 4.63306446e-09 -6.80703547e-07 -1.77759374e-05
 -7.42283154e-07 1.82639884e-06 1.93273566e-02 4.39609383e-04 -6.80703547e-07 5.96439943e-03 7.18512181e-02
 -2.67630150e-05 5.24560593e-05 4.44872816e-01 1.32879043e-02 -1.77759374e-05 7.18512181e-02 1.70945524e+00
