 2.52279046e-08 -1.29649212e-08 1.07335057e-05 6.95798874e-07 3.93967194e-09 3.94115693e-07
 -1.29649212e-08 2.51899628e-08 -1.01749664e-05 1.64386696e-05 -7.47400675e-09 -3.95132265e-07
 1.07335057e-05 -1.01749664e-05 1.47473188e-01 1.06743205e-03 2.93778709e-06 5.35475716e-04
 6.95798874e-07 1.64386696e-05 1.06743205e-03 3.41574870e-02 -4.83268465e-06 -1.44967266e-04
 3.93967194e-09 -7.47400675e-09 2.93778709e-06 -4.83268465e-06 4.37009169e-09 1.00719482e-07
 3.94115693e-07 -3.95132265e-07 5.35475716e-04 -1.44967266e-04 1.00719482e-07 2.92143347e-03
