 9.78505257e-08 -6.49314533e-08 5.03081297e-05 -7.09935124e-06 2.67712004e-08 -3.12597544e-06 -4.23488413e-06 -8.82396815e-07
 -6.49314533e-08 8.26367250e-08 -4.85518463e-05 2.61540157e-05 -3.15039213e-08 4.13437491e-07 3.61915531e-05 2.30264436e-06
 5.03081297e-05 -4.85518463e-05 4.76799705e-01 -1.39029007e-02 1.92538672e-05 -9.03083434e-04 -1.46823954e-01 -1.00720258e-03
 -7.09935124e-06 2.61540157e-05 -1.39029007e-02 2.58010389e-02 -9.34390837e-06 -6.26137658e-04 1.78333652e-02 9.99327133e-04
 2.67712004e-08 -3.15039213e-08 1.92538672e-05 -9.34390837e-06 1.69936183e-08 7.56264871e-07 7.15902755e-06 -3.47911659e-07
 -3.12597544e-06 4.13437491e-07 -9.03083434e-04 -6.26137658e-04 7.56264871e-07 5.79992261e-03 1.38437821e-02 3.76640094e-04
 -4.23488413e-06 3.61915531e-05 -1.46823954e-01 1.78333652e-02 7.15902755e-06 1.38437821e-02 7.43738848e+00 2.79757248e-03
 -8.82396815e-07 2.30264436e-06 -1.00720258e-03 9.99327133e-04 -3.47911659e-07 3.76640094e-04 2.79757248e-03 2.35633470e-03
